60 23 1422640
58 66 3653379
61 62 5045331
57 91 4405635
72 51 4213691
91 24 3215271
35 67 24844
20 59 7497435
49 1 6988943
78 39 3497680
26 12 2475911
44 98 6473184
13 57 2873710
39 92 8300204
51 60 1067284
61 32 2288985
47 23 7113286
30 2 6761542
10 74 3850083
91 9 9414936
83 87 1361165
0 58 1275064
72 89 3859368
88 17 4037658
15 89 1961695
83 67 6698002
53 7 6441746
8 50 527957
5 59 5130894
93 28 2638302
42 92 7277957
61 39 4189052
27 8 259100
32 50 26837
6 68 6054346
19 59 9288637
93 62 6526220
4 66 2122285
87 83 9148891
51 71 7034370
96 20 7522905
45 63 5841733
70 45 5226766
87 68 500965
73 3 8199839
59 53 6833563
34 80 1295993
42 18 2950294
85 41 3988423
74 91 9967470
19 48 8558755
25 15 4673452
83 14 2615994
31 38 9101341
15 98 6213012
69 67 6953969
47 32 8395859
55 74 1896359
58 9 7288795
96 15 9056633
85 36 2434748
7 38 779250
47 94 4669857
32 90 706106
39 76 8496393
50 12 1073766
33 46 9700553
97 37 6838005
7 96 8234593
62 70 4876696
81 90 8571026
14 63 1832155
20 41 4574996
13 51 2874733
93 35 3979326
15 54 9382411
31 29 7249456
15 94 3885238
83 96 3287169
74 63 2234994
4 22 645736
22 65 1405655
40 70 6431548
16 76 4633309
92 28 3400927
46 23 9019042
19 49 6695575
55 83 4685243
94 11 1228106
74 80 4691839
27 63 1017187
60 28 9151385
29 81 723422
99 47 4658277
8 29 1730850
66 27 1597466
4 50 3669810
84 32 3099707
50 69 8724887
35 46 5285140
68 7 1082300
92 65 3172596
77 11 6026965
36 44 3147733
6 82 9232597
49 18 689304
1 27 335010
26 82 2425173
78 7 8542862
86 76 8904252
9 70 4516042
84 54 4855585
33 90 4111415
45 95 9606230
6 44 6859671
43 63 8135312
46 35 468263
27 17 3639909
24 57 2547583
87 99 9183965
81 6 5586794
86 3 4820908
74 37 3339705
83 92 5265993
74 6 1483354
37 82 9091773
53 99 1046307
64 44 5546643
49 7 5969494
47 52 6787925
71 60 1746071
28 18 913570
20 72 5986885
38 91 102878
67 16 4612657
77 76 3413659
53 49 4559007
57 34 679212
33 51 1661082
62 61 4681123
19 98 6540277
19 26 8528028
24 61 2076440
59 56 151334
3 44 6665311
26 38 4319365
71 70 1060468
40 1 755031
44 31 627862
54 74 2892245
64 88 9848186
52 67 2564008
31 54 5265976
73 81 9678153
3 28 8242581
76 40 3060016
47 91 3808745
56 45 3540780
63 37 2437694
2 20 7811108
61 55 4053586
23 61 7896196
62 98 9289580
91 38 3044968
79 64 5589597
9 21 5024999
8 58 9070559
2 68 6957227
26 69 3004658
49 94 7199280
24 2 2777685
99 8 4117260
66 99 4624746
94 64 7830187
13 11 1630483
93 88 4424554
98 79 2063722
52 34 8864541
27 93 5845286
89 9 3710396
87 20 2200652
59 99 4811530
79 40 6268583
23 3 6383300
21 84 5293339
79 83 9119941
53 4 7942682
23 81 5040835
64 54 1811751
5 8 5096008
56 52 8168642
85 46 5419400
22 82 184097
3 20 7922506
10 65 3951746
92 57 7173914
59 84 2488846
43 52 1618144
43 6 7291922
20 98 511004
3 7 5784557
61 42 2266825
66 41 8164859
46 22 1445477
36 99 9764201
71 19 6912987
14 34 5507269
77 43 3627181
78 75 1568423
2 16 364012
65 87 4131850
94 85 9279444
50 15 8612205
12 72 797878
37 88 1277335
73 80 5650099
91 59 8515578
2 8 8899720
9 77 7468886
14 69 5018462
93 70 4551935
81 3 6193597
9 59 9699981
89 61 8637243
56 71 3603119
22 36 4425303
63 9 6587556
63 45 5304950
74 49 969696
62 60 6384167
28 36 4897793
97 83 5339799
81 76 2994137
8 47 4348967
56 28 5553374
21 38 2484131
99 52 11625
85 70 2247599
30 84 7406618
73 94 4728766
13 28 7975502
85 19 4710031
49 9 5910776
96 67 7689185
19 58 2621846
79 70 4466704
25 27 3807137
83 23 8882095
10 68 5633374
13 40 4098073
95 27 9220218
41 87 394250
59 72 149930
28 66 3405780
81 40 197899
26 3 9119022
68 48 1749392
22 89 4941386
17 78 5584542
26 10 7585194
34 86 2744036
12 38 2109009
55 6 8548326
88 89 2629442
91 85 7741232
71 25 4098882
71 79 6486048
0 87 8324512
84 43 7972599
33 60 8463425
70 28 1182675
5 58 4000380
32 73 9506633
28 95 4706777
50 11 1477104
85 72 2474887
52 99 7135635
73 84 8675528
79 42 4590295
14 44 4596030
26 89 342360
8 57 4528882
21 33 3386152
97 25 5546236
49 69 3827399
38 14 4396630
85 96 9030053
74 99 7330454
99 1 8921781
7 14 385158
97 78 2168238
42 79 1120829
15 4 2071810
0 28 1333929
20 57 7138805
2 99 369973
32 19 5834230
83 63 998000
20 37 6013246
28 39 2775353
72 81 3371264
30 67 3690204
23 39 8974294
86 72 9710861
38 20 556538
47 70 5848089
94 18 1966028
89 15 1734137
68 81 6737360
18 5 8010833
93 11 8296416
67 26 42961
86 49 556003
28 0 9364526
84 28 4895097
76 1 5100965
25 89 5635078
60 68 431226
37 29 3959330
78 38 8368770
11 35 1525746
43 7 6090301
89 8 6721723
1 77 2656991
30 53 1962563
18 50 9582395
82 2 9294917
21 34 9117424
71 20 2439305
55 36 4793045
96 9 8581691
40 68 4568939
2 67 8768122
34 15 4975926
44 75 691058
3 70 9514271
82 36 3602448
90 48 4866507
61 79 4592517
85 89 5041250
82 98 1898054
53 51 6358648
67 79 6813655
97 65 9481403
86 84 4057392
6 72 9232361
55 46 1242983
42 63 7704330
73 16 7759714
93 30 6524655
88 64 7476032
53 94 6935596
48 18 7105283
84 80 6690470
2 22 2762160
10 10 239303
62 56 6065094
14 58 3733101
19 89 5484645
96 93 4678764
94 45 1461156
68 31 3960353
3 2 9558277
56 23 6118602
80 65 9375561
36 5 338794
6 46 8060353
54 25 4265338
83 0 9131086
48 41 521699
85 79 2737495
10 63 4334406
38 93 704778
6 21 9274058
72 87 9133770
73 1 771883
0 93 849204
44 89 7698839
75 9 230767
18 15 8723371
67 61 2838488
18 83 9639304
80 91 4486110
23 85 7050500
76 28 1608380
0 95 6386629
53 68 9419002
62 72 4176376
0 29 8362944
84 9 8196268
59 97 2605671
8 35 3734079
79 21 7482123
0 4 618104
30 17 721141
26 30 9672688
36 45 8746729
32 39 3693130
35 5 6125261
29 98 7772448
4 90 467627
14 26 9824895
42 80 7760750
8 55 5357952
15 66 4728778
97 39 5851215
8 31 3102972
64 75 8060350
40 51 2678233
26 83 2063913
47 75 7069493
27 83 2749107
82 78 6238362
22 99 7637668
50 38 8581064
4 4 9553087
75 22 1233180
92 86 1309334
54 86 9106388
57 51 3986293
12 50 310502
13 50 6044825
59 61 193438
27 56 2231298
42 46 9754317
37 17 6962370
74 85 4610746
14 92 9249677
68 49 1334875
20 82 6028656
7 70 5705299
0 36 9970425
36 50 9314927
87 34 9966501
42 34 8993210
19 10 6706707
93 46 8611020
0 37 7727001
42 78 887335
36 73 7970591
14 84 6706472
34 59 3709143
31 11 2858329
81 2 6347448
52 31 1789137
2 24 647494
27 97 3283726
81 20 6311954
39 5 6187372
0 57 4409164
37 33 8838689
63 2 1721459
79 75 3417346
4 95 9673204
52 54 3715090
50 54 6146931
38 40 5597337
65 0 3958178
74 88 4091533
63 5 1908509
45 80 947762
31 64 8503545
94 60 9267698
76 58 3455593
74 1 5338081
92 78 8194056
60 16 8295646
20 97 7330198
65 63 8754551
1 52 5479149
29 16 5694086
14 76 3718126
72 50 3633444
50 28 1322357
38 70 4753061
57 6 346131
24 34 8551417
44 77 7041989
51 10 8799265
93 15 691754
85 21 4725425
90 1 5750272
11 0 7074859
65 68 3956003
77 69 3722474
66 4 3937753
56 1 7961757
68 95 3897549
72 55 1891294
42 0 7694751
5 35 4841787
54 73 9806235
42 31 636166
72 26 1073629
3 19 3820279
55 19 1606174
1 5 3571258
81 24 8689140
70 49 7303214
96 76 76387
21 12 406826
57 72 4533267
1 16 292164
63 22 9163195
15 36 5563197
93 22 9778213
86 24 5213328
14 30 5926533
5 11 9165181
22 40 2458511
74 76 981955
73 58 3852086
28 75 160376
67 41 8237297
4 37 9506759
98 36 8766706
88 40 5643595
54 96 4259590
8 5 3871959
54 14 4391052
93 1 1572825
85 54 7232908
86 78 819937
28 53 2861548
42 4 8918527
30 80 9562655
37 37 8688030
33 86 2163278
0 80 517808
47 22 2333150
76 62 2865432
66 23 6429184
13 89 3287315
92 23 352844
64 80 2570228
18 29 3412909
19 51 6398955
52 19 3047502
54 40 6001412
3 10 8082793
70 59 6469369
86 37 5219338
96 18 4999386
33 67 187522
62 52 3670707
35 42 4990627
97 27 5820413
40 14 9884424
78 91 6843643
6 17 6874822
87 16 3229100
62 35 9790588
82 5 9023178
30 23 8812254
0 79 4419722
92 62 2191231
65 98 4650581
96 38 1894350
41 27 9454107
19 28 5564557
89 3 448157
80 58 1525090
19 9 8441788
12 63 6027051
46 86 5378107
81 87 8314339
23 76 2143386
82 54 6758461
40 36 8553777
34 53 2151609
21 68 580131
68 96 9555131
78 83 6106670
29 17 8524428
53 38 5007944
20 69 6199416
85 45 4053406
3 53 3154199
58 86 2445680
1 91 2021559
70 24 8201794
76 15 7599865
49 45 1736068
95 13 5771431
11 59 3324160
39 60 8087635
64 66 3387799
95 56 69189
3 83 3172984
9 51 1047640
85 63 7683496
23 65 8356768
35 1 6430374
16 6 8235416
64 47 252145
38 81 7085752
85 55 10005705
28 70 9744524
69 21 9636752
44 36 8472013
93 72 2572013
39 62 4905047
77 50 8082760
0 21 9579808
58 23 732443
49 27 7635205
71 33 523941
57 9 1364520
90 83 8931212
28 44 1570030
38 22 9089857
97 57 1373657
34 95 9768712
59 3 7359492
66 37 4681899
8 17 6650789
97 49 4170373
47 85 3962788
65 61 7890417
84 98 1475073
58 48 3688184
32 40 9793540
94 43 8429960
42 87 2683389
99 28 4672726
43 17 5126606
17 58 1088967
37 4 997165
78 2 2044824
18 82 9663918
17 86 7263831
41 47 788116
89 92 3341889
6 12 4816170
12 48 3190880
31 21 4581562
61 54 2130424
14 96 7839387
18 87 349416
81 54 6613512
58 21 7250536
7 44 1099255
7 5 4199335
8 38 5803507
63 94 6788789
98 11 525594
2 5 6618981
54 0 1158614
64 49 6877530
85 8 4732074
55 82 5458589
74 9 129528
57 16 8678637
24 14 6976542
52 97 2801355
89 71 6471719
70 26 2882049
58 47 4389135
81 53 8296802
66 66 5342228
60 25 672703
98 17 3594492
6 30 6210929
41 35 7778752
33 45 7825838
75 26 3546031
89 22 3240171
51 91 1332004
99 43 4589614
2 70 7037880
24 77 8499467
44 2 2251176
27 66 692159
87 19 8126601
81 97 5373955
30 74 1654647
5 75 8248192
49 51 2920411
11 26 8841100
1 86 4569220
38 77 3656981
59 96 4305535
89 90 1167031
90 25 263434
7 23 7266179
21 58 6511080
2 75 7414679
72 60 7690689
49 39 9527346
13 44 6701945
89 65 863462
86 5 5335097
97 36 5533112
76 51 9668531
30 31 6101885
41 39 6787795
23 58 6106783
42 66 1444510
17 34 4351576
8 74 4130116
17 33 4086980
64 37 9274335
10 59 7710959
77 89 7155958
95 53 3966093
15 90 2924878
67 66 7226619
64 34 3174195
62 95 6241753
77 72 555470
29 46 2297161
96 31 8668157
69 63 9049876
31 24 1424543
66 5 1526039
44 21 8531598
93 25 557112
31 4 7660584
19 43 6067539
6 16 2553762
38 28 307174
56 98 5728669
80 4 1670674
64 11 18710
64 45 6923069
5 85 383619
57 78 3326067
49 79 7914335
55 76 4803909
91 73 5613680
22 53 122518
65 99 7551900
18 9 6787265
44 45 4493306
6 28 2338433
24 98 3553579
73 92 5129090
35 58 7794594
35 73 8082902
35 76 6710065
23 90 3552779
10 86 2707920
36 78 6032816
41 75 3598015
51 45 1075940
47 55 6960351
23 55 3238304
56 79 7099817
68 90 240756
45 19 9816966
43 14 2505996
2 44 5446006
86 75 1573360
64 0 4785696
56 17 3659297
64 84 335442
90 84 7368156
88 85 6151474
96 16 9744237
7 28 568582
11 44 4913313
65 67 7991304
23 10 5190695
46 55 1139736
14 37 335139
23 49 8117835
66 97 5445813
28 55 7418403
95 83 3016229
67 59 4499775
78 42 3036643
75 56 2470982
10 18 339724
14 35 3679259
93 13 2932813
95 28 1651334
13 48 6981964
80 79 7452805
3 11 5609244
49 41 5446669
12 31 864555
43 81 3220608
98 83 637328
6 8 4286576
29 89 4881441
56 97 8472864
32 53 6812729
51 14 9826648
67 69 2363203
87 78 4522409
84 68 9596773
79 1 8797069
29 45 2563005
5 54 6433574
46 85 1320442
61 60 9147946
52 13 9990165
22 67 631668
65 10 6301882
82 63 2603711
82 32 8563452
76 4 4659000
73 74 3231682
51 30 2340220
4 58 3646881
36 69 5840329
85 44 961292
55 84 7510941
15 38 7889158
15 2 7598998
51 12 9710291
40 91 8302755
8 42 2682804
28 96 2698063
34 13 1445509
84 88 9453056
53 69 8149667
90 41 3880904
46 99 861958
78 53 5778390
16 97 4499303
71 69 8916823
47 76 4812536
30 81 3829901
46 69 1197509
7 2 152308
76 13 2120763
58 30 3511085
59 95 6137193
92 72 2184217
55 52 4105818
72 48 41053
90 18 5243121
24 93 4478238
38 46 3307762
84 97 8843140
7 20 3162447
6 1 2634383
69 86 1951954
38 34 6638274
2 85 5699481
39 28 3969033
50 25 8293850
83 25 4057846
75 65 9334410
40 85 7000242
58 28 5625154
78 45 3220796
72 33 9688689
56 49 8970983
57 49 808419
47 34 9870333
62 85 4084805
95 1 4690429
28 50 962393
80 80 3452093
5 14 593042
83 15 2187714
7 31 6114809
43 94 3273655
42 29 974772
21 78 2915644
15 23 2365268
27 4 6209799
74 55 5050146
74 81 5930126
98 56 9690255
49 57 1104040
46 83 2933673
39 96 1848535
49 44 3839044
65 64 5051577
65 69 6071415
39 89 9633409
81 22 4135568
52 12 2131910
16 51 6040483
94 23 4757320
67 35 294798
67 44 6523388
61 27 62062
1 17 7594138
25 17 3551691
73 24 4986520
12 45 7406844
50 63 669260
59 23 6744203
69 64 8159792
26 5 6658945
97 40 801836
10 71 259780
38 73 8565956
95 82 228826
54 82 4425307
66 51 7304808
39 56 5330127
79 89 3898455
40 67 7032368
93 76 2725738
22 47 2755845
53 44 3992218
5 70 1661700
62 22 6366224
60 18 6727624
59 89 284853
74 47 5823657
99 39 7514756
68 27 2018329
5 22 5391466
53 55 505545
80 70 9173064
54 71 7243041
23 74 4876917
88 29 951675
59 75 6958643
83 70 8314078
58 96 6918825
29 41 3807737
43 66 1946934
29 26 1769006
30 71 2299967
68 69 3881589
15 16 5274181
71 0 2398568
7 90 2049480
31 68 8053576
23 54 6594284
70 60 1982043
78 86 5483421
9 88 4095855
76 57 3600661
14 57 9406619
64 26 7395958
91 42 7795240
25 38 2543994
76 48 2590417
94 72 1734750
28 59 1934487
33 59 3554786
49 81 3009967
46 44 3494197
52 52 4746363
99 58 443368
49 55 166215
33 99 4285014
87 18 7742752
90 19 6193992
12 43 5740868
85 5 5943621
65 46 8103445
0 56 1727502
52 75 422509
78 66 8639188
60 92 8616594
23 72 6912227
19 25 8460561
90 22 2575593
27 18 7427864
35 49 776811
94 30 9102312
71 62 5322243
48 83 4677506
85 48 3908084
27 67 9107095
69 20 5696354
68 15 3292243
40 59 9132370
55 40 3438610
54 85 7174611
4 1 1054930
14 85 8736336
70 65 6699277
35 72 8584503
89 41 4429633
59 48 5416669
24 53 6020279
84 35 1926046
78 34 5808740
25 87 6278708
42 84 2525169
90 15 2747496
51 33 1875415
0 47 877248
70 58 7366100
88 65 934789
17 47 5892416
49 71 8975841
4 57 5336517
75 95 5072757
7 35 241597
30 14 6855931
81 86 3663741
12 20 1971013
6 80 8974276
64 60 6738811
57 0 7954704
51 95 8535280
50 97 9144966
51 80 4083190
97 93 4513561
19 95 8447682
19 97 8662124
12 12 6489784
42 60 4592472
47 79 9232889
56 14 4148096
17 67 1061487
27 27 7203491
99 80 601398
87 45 5585505
23 48 8944137
73 37 6753765
77 4 7469023
51 0 6267249
93 17 448318
96 11 7049196
91 20 4550924
60 41 6688302
99 88 4431006
5 57 9146448
59 64 9400485
24 20 4237379
88 15 4456380
16 50 143633
97 56 6734532
7 94 1084741
71 35 2511367
45 44 3290624
14 97 5262051
43 85 9504695
22 62 4313588
64 40 4412292
65 1 9590166
19 46 8304555
99 2 8939867
37 25 7384565
82 39 8414584
64 50 609240
18 53 5240783
20 48 2082409
94 88 1224040
93 86 3558545
71 21 8213821
19 72 6565765
12 22 2271263
99 31 439801
31 46 1667099
94 20 6254436
31 43 1994905
98 38 4264895
29 68 3993872
78 4 5831274
29 1 7630957
67 68 3303075
57 95 4305573
53 85 7804258
15 60 3177974
33 97 7005221
35 16 9071295
7 43 4235358
63 77 9158305
13 36 8911167
16 20 661974
10 46 2379062
43 78 7946251
11 77 8193499
76 41 9180718
39 41 2323093
60 76 3196081
92 26 82863
24 72 2541268
83 58 8373084
75 57 8156469
51 93 5942500
78 97 7356509
83 7 4904810
60 7 7682236
62 7 9939980
49 22 2243978
39 53 4573631
9 55 8127601
10 16 1575790
5 72 8271721
17 49 5722180
92 97 5231903
50 79 4610834
71 65 4218115
57 30 7281796
1 62 2901444
17 3 8140802
30 66 9629579
36 88 5208537
13 94 2429101
53 59 4475531
83 97 8984374
8 18 7733653
68 56 5366834
80 69 9286062
23 21 340250
2 15 4848417
44 55 5649374
59 43 5267402
6 18 4486880
68 9 9684691
70 5 4589622
99 49 1996405
43 49 3777612
7 48 8403098
80 44 8546877
77 23 9399653
15 56 7722603
27 32 564597
23 29 4584812
90 69 8933806
97 50 7891766
45 33 6715139
75 87 884281
16 26 1765823
24 84 306121
15 76 6791474
96 36 5243666
23 86 6539117
12 77 4312122
95 54 7772106
9 42 349618
7 76 8409257
25 63 8596950
47 96 4861766
25 84 7332958
48 45 4647960
19 79 890466
13 15 9287640
85 16 325101
75 6 6582930
27 52 6309694
53 97 2120699
30 35 2126286
74 31 6883972
40 77 9793541
40 56 3984240
63 65 7200350
32 98 1950287
13 92 3087224
63 14 9829365
85 1 9385271
14 20 8739450
38 98 632194
42 65 3419217
12 92 1132723
81 96 2457166
70 76 8548309
17 36 8695183
92 77 3820068
8 67 3602007
88 20 3246595
99 75 3927382
83 2 8091625
2 21 7222904
94 67 1684225
84 16 2688991
94 1 4082332
98 77 2997977
64 70 1896698
27 60 6486656
48 61 8967404
85 10 2534885
9 96 8862005
18 13 1573774
95 77 192011
42 35 1997725
81 14 3354380
66 95 2498726
83 80 417057
68 82 1906412
51 6 6993975
82 25 765420
4 89 174734
45 11 6455868
39 93 5776532
13 93 6089625
71 10 9789523
69 3 3486025
66 96 3993830
3 8 2279431
59 62 2708358
66 40 6878892
92 98 4302524
41 37 8112495
34 20 5200862
98 19 7377597
80 43 9910935
37 68 7055746
70 37 5515557
41 24 9041374
71 91 2690025
13 95 2068338
20 35 9676706
41 22 242899
37 44 7861477
12 58 1188759
55 94 7133952
92 52 7371851
5 73 6181349
48 86 7001683
72 70 2958141
70 42 3730717
9 68 2442575
50 46 1094649
96 79 5923792
83 1 4871930
25 85 6141783
66 73 9117841
72 37 7653351
35 0 5830848
23 95 1161673
88 6 6380631
41 94 6291384
17 18 3345567
54 51 191554
40 43 7762489
67 38 3352656
50 58 2757679
91 78 2682923
46 56 9883713
2 81 6162385
39 31 4769314
55 22 9710643
92 18 5031998
1 53 9943896
29 92 5731270
3 92 7720579
82 83 6664150
30 93 2079231
69 48 3077136
10 30 2659671
62 21 3581000
57 45 9163171
67 40 6855466
96 28 3306037
23 33 948358
41 82 9850460
67 72 8422715
9 44 5017254
66 16 5698160
23 50 4607808
26 74 2796250
20 10 2333899
80 94 2087807
88 7 7702141
13 49 9294459
97 59 3590545
65 58 4623663
11 82 327696
24 46 561264
9 10 835902
42 77 5354500
20 25 9909575
13 1 3117578
32 66 2265063
27 84 120795
39 69 4022788
14 54 3864720
66 55 9183334
99 57 6824182
67 33 109713
31 36 4153115
66 72 2403332
35 66 1217379
95 74 3599765
99 92 3250553
71 36 4527623
98 3 4936720
3 5 942442
96 85 5996204
77 10 2462714
19 73 8306814
16 30 6625143
98 10 124322
80 67 7872176
87 97 1711742
69 83 1757199
63 34 320586
56 77 511492
19 35 7940130
25 60 9625822
73 10 7271312
13 81 556854
31 77 4745658
16 52 1711701
1 42 308239
74 33 6999540
23 56 3803005
38 96 7600323
88 96 8920335
76 17 6765474
16 99 1428081
85 47 7099878
13 98 5494648
66 12 4567267
5 3 2221765
10 41 9775342
52 66 3551878
98 8 8522943
47 15 1001683
88 55 8315708
82 86 1438599
8 45 5925946
57 27 6167680
59 73 1591890
53 33 7031253
91 74 6811724
60 40 9687074
68 77 4442309
44 19 8913189
56 76 8727234
22 96 2706647
93 21 24199
7 89 5795461
92 47 263020
18 84 748551
37 51 8831111
46 98 9142011
89 49 7179125
40 19 1163286
9 18 5404277
74 5 7278019
99 14 3039645
41 89 2875155
21 82 3757353
38 94 1507645
89 4 6100721
83 18 235385
7 24 3950082
39 0 5658605
95 0 203700
54 11 9935387
69 56 355394
93 68 9064288
47 29 682432
13 82 4255767
63 44 8533536
33 55 4589416
85 56 6805721
3 0 2063729
2 2 6359003
49 77 8459020
77 18 8853705
89 59 9700077
87 46 6864856
32 85 3189884
98 65 393157
49 49 8863392
45 94 297242
77 52 9121101
66 33 769292
66 15 7293924
16 88 3419830
62 19 4797006
25 2 4360452
86 27 2645175
73 18 9186685
41 42 92817
21 46 8112981
46 96 5442446
3 81 320532
41 36 7918409
65 66 2071083
60 99 8656382
53 30 9143511
40 52 2466679
82 1 1645388
11 83 5436394
82 4 860974
70 4 3757034
8 37 6001007
85 67 6026550
15 41 9669920
40 3 708384
45 76 8339633
28 14 7884642
55 91 8503783
48 58 6894717
12 78 3538184
88 88 3451770
47 65 5748352
31 45 2797784
91 41 3684512
0 26 3963060
18 95 6819212
30 61 1384734
1 34 2373172
63 17 9123741
54 79 8726804
58 92 117102
59 90 8555307
22 83 1609522
65 91 312458
79 13 8356668
49 50 6867186
20 60 9353448
83 11 4368982
85 13 2222515
16 8 3194361
31 14 7955434
98 46 6404191
38 86 145081
22 81 8167214
62 59 7532092
20 31 9118067
50 84 5964493
26 35 708273
99 90 3156850
1 70 4740571
77 24 9049016
4 71 5523981
25 88 4314992
88 11 2859582
30 91 8544230
86 2 6492794
13 47 1210105
51 59 6967159
86 69 6425345
72 69 7696138
84 19 101127
96 33 9674587
3 67 8439763
17 61 6075701
3 42 6430854
26 4 8630689
31 2 6120675
20 34 4918288
79 17 6288653
31 87 4825889
11 97 8677232
90 72 5652476
47 44 9481180
4 56 108758
93 50 1407994
88 34 7639339
34 32 3139556
17 14 4317202
12 28 4455263
61 72 8565668
83 84 4580269
36 87 2272566
20 70 6206051
24 44 7814450
44 32 6636286
3 17 4952506
77 37 7472728
49 37 2440089
47 11 9074992
24 32 9129305
0 61 8991691
44 48 8509960
50 13 5948930
30 75 4005307
33 18 494347
91 26 9111567
42 45 8936504
27 31 7386564
22 7 1557079
68 45 8344837
20 1 3043442
28 62 7476537
3 57 8590724
7 33 3612367
62 67 4469612
41 91 3566664
29 83 2961548
23 96 8022908
18 58 4210107
86 66 9430085
91 96 7453277
1 41 8837602
28 92 3959345
82 60 7241882
80 77 9631283
98 59 687767
21 69 2170822
35 31 4924273
99 45 5729108
3 52 8325758
90 57 6070204
30 68 2463305
82 43 2726263
68 93 9040489
15 7 2786889
17 66 5694965
84 85 652896
49 99 4263337
91 91 2657231
31 62 6665481
17 73 4197144
83 61 9869854
43 8 6094116
69 69 6714372
92 19 366874
50 19 2350615
61 52 3316744
17 53 6652462
99 18 3547714
89 14 6700899
33 58 3377286
54 53 2533502
88 27 3163230
22 64 6730685
98 71 5213793
48 62 8547838
54 26 882836
24 24 5666360
76 79 3370425
24 39 8012602
11 52 9488000
50 78 5756320
60 38 2076943
56 43 182939
45 65 9355634
93 47 6061898
2 61 8717489
50 88 5743347
33 73 7756254
4 25 1421427
18 22 6954823
77 82 9752622
71 29 4416815
50 0 5937474
60 34 2679584
28 84 6311671
75 58 1536578
7 16 9845935
79 71 29966
18 75 7297980
48 70 686420
10 39 9166229
28 33 6028317
92 60 9211998
91 84 5860467
0 78 9915563
82 11 5767768
66 93 8392251
70 40 4105919
64 27 5573666
25 45 7904219
21 73 4435257
54 89 8168243
7 80 6029608
90 89 8294185
52 94 3119312
64 59 2462050
78 92 7780881
65 26 3269649
16 1 9571119
42 44 8767665
53 50 3277712
9 75 9411899
14 91 8704000
7 59 9335523
49 20 6961082
57 90 3891037
79 90 8163498
61 40 383841
33 8 5170321
44 26 4412926
1 19 7707746
35 91 9361149
16 90 7258633
80 78 5030815
89 48 9543061
82 72 7938152
59 28 8810127
8 16 3777188
74 60 9918106
91 69 8727039
12 34 4487005
58 15 890993
2 42 9759431
43 95 9846234
64 58 6278984
40 11 3534371
78 19 8835149
21 35 8996134
31 6 5505410
17 54 8390046
68 66 5032359
56 90 5210846
59 55 3145964
63 35 7367336
96 43 3946152
47 59 759425
73 63 5150424
27 44 2731736
42 93 3987332
47 6 3867861
68 51 6804422
47 62 9135574
6 57 9499948
38 10 1252033
97 73 1932940
40 63 2320295
37 84 6678624
93 97 51032
64 89 6687158
47 60 7881828
49 6 5020889
57 33 5761860
21 85 2333005
74 95 5262267
10 31 3959129
35 50 1093654
67 23 9466305
72 35 5536198
35 38 2752460
34 74 7242165
75 10 5187703
52 59 9547992
54 15 2509871
13 71 9586708
87 82 746273
94 54 57431
99 29 233419
33 1 511154
48 75 2362331
23 5 1045930
81 21 1303973
22 32 7881713
83 27 3284597
17 70 3690426
62 24 9103942
33 30 7899770
64 78 6208782
4 21 2346946
48 87 2129084
44 46 3177830
87 90 1176085
9 67 3658033
57 63 8563868
96 13 1597543
73 31 9637879
19 63 9843383
81 55 9764554
34 88 4630702
35 82 2986882
13 64 5494908
7 52 2045551
60 1 631540
66 43 4219081
9 12 2879428
83 45 712188
97 55 1522189
26 36 7776175
96 37 6827628
76 11 3516451
52 18 8449022
7 18 4954616
24 62 5819279
22 29 5051351
8 60 572216
55 14 9231278
98 26 856531
54 23 5527765
93 33 3790709
70 82 6478126
41 43 2056204
45 98 9125942
96 5 3480185
14 27 2022204
24 60 6943356
79 4 3355382
71 56 9497027
72 59 9387277
37 89 1445439
74 24 1679957
29 76 2286541
23 22 3614648
1 64 8673883
20 79 9035286
16 96 6439548
66 9 3453511
2 34 8148540
96 14 6610226
9 72 1922863
14 12 4104924
77 29 4044957
73 21 6428806
91 81 8394564
76 19 1356328
98 13 6967483
43 9 12707
15 69 4236469
53 18 9014793
65 31 716137
34 40 3759641
20 28 8132412
78 50 1712983
92 33 1571946
5 0 1078774
98 93 3543524
8 25 5415795
85 32 1499055
56 58 6774185
13 58 8908383
46 1 2312329
30 9 1526954
39 49 9918356
27 29 3897559
70 11 8439601
73 97 9901371
76 97 7587549
35 57 4891374
63 53 1024985
27 80 9083319
71 32 6654312
89 64 6690951
77 57 2008284
48 81 9463941
31 69 1960164
28 79 2873022
55 25 6204163
24 95 7665065
66 54 2822483
48 6 7645851
88 87 4084483
31 67 7904462
53 53 6821366
53 77 8608629
49 47 9485679
66 30 5463159
43 60 449325
85 69 4007745
19 23 2163679
28 72 7778477
61 97 5020960
39 77 170482
75 33 8147952
17 44 5640370
36 74 5793313
35 18 5359661
0 23 1920969
51 88 2608769
17 29 1698683
49 72 1688534
73 42 5011305
72 99 7900070
34 8 4138902
99 69 9672075
83 36 1475103
69 90 8514499
53 41 9444403
75 4 8057942
74 89 9832208
43 46 1288995
62 75 3167005
35 23 5686944
72 7 5746131
68 38 3825137
17 65 5606651
99 32 8989388
45 67 1167990
60 59 3830938
69 60 4564426
61 95 6102433
38 65 7601982
94 40 4163154
96 92 1542690
15 11 4407967
83 59 4556139
37 47 2784277
7 55 4150143
66 35 6663368
18 14 4674379
91 0 9593608
72 54 8508728
30 78 2349001
27 47 7280678
81 93 2784406
81 4 9205531
39 66 9197347
62 36 3059603
63 87 560536
73 2 5311289
29 35 7424051
93 69 4048381
57 75 5811949
20 89 5004931
76 55 5109366
32 17 1742354
82 0 159390
22 34 6383545
95 87 8020128
49 14 2227952
8 3 9755593
90 46 8852975
26 42 8471365
8 69 882467
4 30 2599879
96 12 1043911
12 40 3738202
12 86 8120344
86 83 5723351
20 62 20890
99 40 3382775
70 18 3067764
10 21 306927
32 23 9668954
17 43 4698233
56 54 696435
6 62 5633393
42 91 2507909
11 62 9079344
89 21 6870888
19 68 7061276
47 0 3736951
7 36 7838436
73 48 8158537
74 28 4337788
10 33 8305829
75 29 8614421
9 81 4546052
39 10 9864968
60 70 678576
62 63 2524725
44 62 6687447
68 58 9166332
56 30 9980906
47 33 2431063
2 32 6279993
90 90 4815658
37 96 8827875
89 23 8043755
55 55 4224951
14 16 6081441
21 80 5996859
42 13 7600496
16 11 5809720
61 96 7021862
97 95 6070722
88 50 3799729
24 19 3695523
5 10 4688880
94 73 7761790
13 61 6235938
12 73 2207885
69 65 5915184
86 54 7553820
78 41 9515442
23 51 6401551
10 28 1405458
63 79 8692394
43 61 6448925
52 26 8697552
44 73 5646229
20 26 1942069
13 38 4028487
35 70 9252033
99 59 1010679
48 14 6657726
94 93 7752047
35 33 2408546
26 88 3506515
39 15 5585153
59 15 8902514
12 44 7610179
34 39 7716587
83 85 6130477
27 12 9692466
3 78 2069791
49 15 6720301
14 14 5319860
11 18 7192611
16 47 8652802
60 65 1476715
17 4 8267795
86 38 3493616
84 13 6779823
60 85 1574943
92 58 7730950
89 98 4828836
10 25 4294716
54 19 4245029
82 71 1835613
64 13 8518558
66 67 1907058
5 65 9012630
66 70 6513979
3 15 9611101
13 46 7191098
54 57 5412479
34 11 2501192
95 57 28888
36 15 440607
35 11 2840097
95 71 5090140
5 77 7492826
43 1 3726948
78 44 5480931
96 50 6416951
54 41 8195587
51 63 2063887
89 82 2159372
24 10 5734568
80 95 3747992
76 29 2288163
90 47 6473786
80 71 9720025
13 8 4286260
32 8 5190334
50 75 8542350
12 36 3410065
39 68 5953869
57 58 5390499
12 18 605684
84 62 3537465
73 11 7507364
1 56 2278473
57 21 2555158
8 81 3254035
39 43 5380701
72 57 2607092
66 14 346764
43 80 430840
98 53 2948674
18 34 4933650
65 34 6974721
89 28 5695313
20 64 8253559
78 84 515666
38 89 7480846
57 20 6137867
16 72 3101605
11 40 3014577
83 37 1445327
15 35 5274660
32 63 4580318
83 28 9653936
56 63 2839686
47 98 3768290
38 58 8173103
43 67 6746997
82 19 9665884
37 73 396673
79 2 9404207
60 72 2011615
26 19 856467
7 78 3751853
84 81 9921960
49 58 3743523
32 29 4632089
89 83 6736450
96 77 4191761
79 56 962971
17 20 5721516
74 52 6246625
53 37 6612083
1 82 4713784
9 60 3660878
46 33 2738786
75 45 1651289
11 61 2521355
79 24 4843943
53 46 7519531
84 69 6679168
71 78 866474
40 62 5396809
44 81 532179
69 92 4054290
38 67 7928958
27 9 8395604
54 47 3150116
21 21 4225883
29 96 1340376
61 35 6942854
72 98 2606514
42 32 8130670
74 69 8988723
48 71 3822075
5 38 8128099
59 32 3134486
3 87 2941833
73 54 1240749
22 24 3761678
53 90 3162335
54 50 6899972
96 49 7133032
27 72 337795
12 76 6377007
29 87 3453929
31 89 5228655
67 85 2673083
88 39 9455654
6 43 9826288
73 95 3193897
80 37 137443
86 82 1579292
56 13 320729
27 78 3275096
14 45 4040691
48 7 9213604
51 46 5572460
6 6 9688880
47 56 9100285
86 44 5982641
80 93 9360313
99 78 1834650
28 98 6128068
11 13 85330
6 55 1170275
89 11 9097739
0 44 6709525
13 18 6693866
46 68 3624002
73 66 3351533
34 83 4698279
97 75 6605012
63 70 5238725
74 78 7469320
60 24 6734117
61 57 7865122
81 80 6738973
38 16 3650283
3 48 8003125
36 61 4762898
46 31 824221
11 50 2632105
29 91 5858788
60 17 608576
22 88 4713331
64 25 1094669
82 55 3846419
4 26 572059
99 25 6419661
32 3 5843160
47 28 4838270
40 15 9313799
81 35 9330114
16 54 6372012
35 95 2953456
33 64 21402
66 83 2883149
53 88 1823046
35 59 1154265
11 36 173736
44 13 5867787
43 10 8287238
65 47 3630870
39 37 6558671
0 62 9516376
17 56 1154218
87 84 5340996
4 70 361763
15 24 4206452
44 30 7249176
13 0 1521845
18 11 8933756
93 38 9011046
94 36 6328240
6 74 2147474
4 68 5754556
1 2 2099739
95 95 5649682
95 49 9405843
94 71 3662536
40 80 755687
28 46 3115328
87 35 2886183
92 89 6606786
36 70 4285576
95 40 7063375
53 70 6825259
97 28 1577194
51 20 8211386
37 32 2150268
67 2 5134953
27 21 5560380
78 79 6987762
6 65 4468503
24 41 426575
51 17 6914873
10 77 1711470
5 24 3839976
56 67 9624002
88 98 914081
76 3 246421
41 41 2925015
27 86 3581356
12 4 2925554
43 31 6103150
20 23 4578859
89 69 6492031
86 35 3541531
0 45 7856892
74 64 1353164
68 0 2723670
61 83 82072
20 80 6070969
2 30 1114989
10 38 8400598
29 70 5714086
43 24 1808677
63 1 8929950
18 30 4077904
3 54 7494487
80 97 74803
28 61 4246514
16 9 4758791
26 86 334369
59 0 9936722
13 25 5485891
52 58 2300940
55 20 3070805
34 58 95269
60 21 7863594
29 97 7830792
5 56 3047540
58 38 296034
47 72 4488276
45 9 9768704
9 4 337830
47 20 1361818
77 22 10005783
37 43 9694264
32 27 72312
20 19 3158584
90 2 5473246
26 54 9806930
65 71 5628630
15 21 1856069
61 3 6393801
40 50 1544308
58 0 6109217
63 50 1869936
97 46 2267155
37 3 7531978
95 36 7432407
3 47 37779
75 40 1144576
79 86 9649425
82 41 7327928
37 42 3929408
73 90 6144659
85 51 2558832
95 58 970720
55 67 7252207
12 46 6222663
65 36 8879987
41 98 4787477
90 42 5624660
51 94 9028150
60 62 651928
86 98 728618
42 5 6790274
90 70 3750477
96 60 3184418
64 98 8305039
0 2 7270479
8 56 1890385
10 12 1496120
76 16 6621680
17 15 2043582
5 61 5171651
10 34 7395853
18 93 2464707
38 84 899525
21 88 3866918
28 24 8538560
34 52 2922839
41 48 3531701
3 80 999113
73 82 1680354
24 54 8543705
7 4 2876512
17 95 3149249
15 0 1306343
83 31 2414935
86 31 7385165
44 92 355182
72 17 1245608
51 67 8442883
83 57 1018766
58 2 4635094
47 50 9151726
60 93 6614928
93 40 3591157
42 98 881370
34 26 2244545
87 73 9373885
11 46 6853039
87 41 741539
91 55 4519562
76 72 963600
49 73 330230
10 82 3023398
89 58 7298396
77 49 7860612
81 29 8637451
42 81 353276
78 93 8356189
84 42 7841704
72 20 151065
18 42 5904989
49 32 5481859
45 0 9106897
25 48 9141491
29 22 6329196
52 11 5756418
30 56 2937148
62 16 8616945
59 24 8809788
69 82 7464294
88 36 7027502
52 40 7093503
72 46 6763970
64 5 1769589
76 80 8051869
54 39 505773
32 99 5983184
39 32 1400684
46 18 685153
35 10 3283304
70 54 6137969
80 6 4738732
2 83 7784346
43 55 5763260
50 94 6934142
39 27 1230540
91 12 9361215
15 74 1832929
41 65 5016010
29 36 6150012
4 45 8157409
16 22 1165258
3 16 7476076
24 81 6130407
7 77 3331324
13 37 5959886
56 19 3315412
75 24 1623089
98 18 4025088
99 85 4746193
19 45 5857131
14 82 9678347
62 23 3002247
71 77 6273181
15 15 5594948
37 49 5435371
8 21 5567126
91 14 9747933
59 70 6497520
50 89 8135998
57 64 3952957
76 85 2813483
13 5 3139866
66 48 9700932
29 59 3357591
25 98 1889720
88 9 9671636
44 68 8830525
65 40 3835370
41 76 5399687
35 15 9022276
58 85 3052849
11 79 4309894
46 88 1052685
30 27 8893591
96 55 368232
46 25 3745808
55 10 8487882
19 84 8097382
22 5 2842967
53 91 1484620
77 34 3512020
4 24 1270129
2 73 6230022
81 47 9975972
66 98 6143714
4 47 3931687
76 93 2792070
78 12 7984046
32 82 5208480
23 1 6038802
27 33 3625163
24 25 9944161
75 62 4428016
58 71 8664187
95 65 8713631
62 69 5676412
96 84 6355736
39 11 5352956
50 3 6699822
46 64 8085636
96 75 8164141
51 83 3950351
8 72 5276835
28 93 7867331
58 59 94180
2 46 417840
72 67 7958622
92 90 8086583
33 43 5862273
4 10 4549425
47 87 1601583
11 88 149725
87 98 7890748
48 39 2266794
64 41 8407251
83 98 2524363
94 48 2721414
47 86 6561028
87 81 6189730
33 48 3738944
87 59 9723427
38 53 9584508
76 0 2053243
75 79 6025780
45 96 65924
24 15 791970
45 23 811489
70 61 344756
36 64 4280514
75 30 4060329
92 20 8794189
30 62 5732857
5 50 5862599
26 63 4689966
49 25 2950777
55 86 4465532
65 51 6665338
23 38 4760564
36 97 2059458
90 67 3227547
20 24 1937669
55 95 9820734
42 82 5395808
57 28 8437590
86 93 4834256
97 69 8312032
61 4 5826998
35 37 8482581
21 27 4404861
15 99 1956990
14 39 7843590
58 63 8300875
30 32 6251857
97 53 9851160
85 20 9731940
50 2 6600235
33 72 6837658
45 31 2144570
75 8 5049008
25 70 2548434
7 56 5897194
88 5 6108091
90 55 492698
28 27 7264463
32 38 4812649
18 76 5106936
99 34 3612475
9 32 9127372
69 16 8966157
30 37 6889133
72 24 6086549
93 10 5022850
64 51 7164720
39 99 6363897
37 46 329605
98 43 3633999
69 35 8146344
11 58 2672621
9 53 9140981
28 45 108450
5 62 4699123
58 79 1599266
61 20 8759915
34 49 6009593
22 17 3956072
27 20 7384405
36 51 9825191
89 34 2767421
38 97 8813863
28 65 1942998
93 77 825578
77 96 8377699
37 94 4857763
38 75 6360588
33 81 1865229
60 47 6272963
77 12 9397440
23 68 6782687
24 50 5685377
40 13 9389299
77 45 6143247
52 57 3216706
81 11 6568385
36 65 4131391
95 34 342472
59 94 3686094
3 45 9651255
2 55 8355045
85 30 8518572
42 86 8552128
74 71 2782342
43 36 8319567
32 68 1664453
48 33 6713076
38 60 819525
85 26 8714884
61 64 216996
99 91 1458764
71 14 3102640
94 61 571600
1 96 722296
64 21 747149
0 55 7460739
67 30 4779520
42 58 2891461
62 40 8131769
64 65 8927398
64 55 4477289
53 39 4321166
49 26 8897181
14 24 349407
20 13 1841896
19 29 734514
17 62 7078576
60 45 4163952
16 71 401301
23 93 8170287
70 22 7478686
12 37 4932789
29 84 8577793
38 37 6290652
35 96 1973263
41 14 5593205
48 15 3326480
29 67 4497014
39 25 1751099
73 67 6581986
19 81 5692165
6 90 7601592
50 34 9166369
98 96 9323806
82 95 6472708
69 68 2211156
15 50 8184408
6 26 9884608
78 15 1915247
3 6 707562
37 0 9371702
86 58 1964132
84 87 4607431
79 49 5541634
90 62 5801932
97 87 5204368
22 78 9391415
74 0 1649024
79 26 7121463
14 89 2537454
52 22 1527183
81 70 2553235
5 83 6966062
4 60 6538206
40 79 9646214
26 22 2009601
50 95 1771711
59 80 836253
27 91 6127327
92 15 5689542
63 4 4892313
31 44 1602210
15 25 7776847
96 74 5014256
73 6 2523645
53 25 8348231
65 23 5554190
63 21 8801033
36 32 1121974
77 54 7372339
65 32 4714914
23 46 7457585
22 16 1501381
72 72 4350438
18 24 3128540
74 72 3837891
16 59 8456040
81 74 4220574
14 71 8868943
6 52 8942002
49 85 7385199
0 97 2263269
72 65 8217630
52 79 1641498
20 76 8085422
66 79 5664987
42 21 9390726
93 78 4346782
55 28 4640610
49 8 9897751
99 72 1913459
87 49 1315347
60 75 7516381
